17720687055,
18309602571,
18138486632,
15994244323,
15271818257,
18098080706,
15615020333,
13816245551,
18268140084,
13414936211,
16606131509,
18522752322,
13867527166,
18677160197,
15255614988,
15100617577,
13720549840,
18016251797,
17724263468,
18059287769,
13723048287,
15689116127,
13083968975,
18013057059,
17398211342,
18311268161,
13550233054,
16602771060,
17521245421,
15632319168,
13501819911,
13260555850,
19150952820,
18251841826,
15150505355,
18116151570,
13456997654,
18986263376,
18252828648,
15730117595,
13586613016,
18332938980,
17353227320,
15883808739,
13244432207,
15116913934,
18844138886,
17806096223,
17785009064,
13929432146,
18255718373,
17683908983,
18513671879,
18501990867,
13684834084,
17855861202,
13264452251,
13916013612,
18346119828,
13123868130,
18550420153,
13651355973,
19916547482,
17012361249,
18618208300,
13186931029,
15810575297,
18390904613,
15671628519,
18920224717,
15822407053,
17694945180,
17695807224,
18230198652,
13076846548,
13662170763,
13552972318,
13983118674,
13776146806,
13767997859,
19959723680,
15702937306,
17602143903,
18245037017,
13642285761,
13753497537,
15202113665,
17729108260,
18651326689,
18317311373,
15105141859,
15615672518,
13346946167,
16620106587,
17628690998,
18582571752,
18367051687,
15399376808,
13524623139,
15559588002,
13030573852,
18548902127,
15563358577,
13817005097,
19984765501,
15755059267,
13921849048,
13121974221,
13606919416,
13621882499,
15709183780,
18221258902,
15327683973,
15857168665,
13088810755,
17745144526,
18295110300,
13717302077,
15221066683,
18516962701,
15603301675,
13847830951,
17820544135,
13751384246,
17321181393,
18141139991,
15013021773,
15319741224,
15995306792,
17875010572,
17858113150,
18859971025,
15502931378,
18671645502,
13011093912,
13811837656,
15147152990,
15059436318,
15104516442,
13235105504,
18657566325,
15159619820,
13571490729,
18516377194,
13764677058,
13627285292,
18771146227,
13951702114,
13405157455,
18612715881,
18917650128,
13661612121,
15399198253,
18810458219,
15318950521,
15687449224,
18855133611,
13717665512,
18962793941,
13384678817,
17610360959,
18565006921,
13021672910,
18930973985,
18515187797,
18502639685,
17785293788,
18398095970,
15902159931,
18367567071,
13132210717,
18251901205,
13510182861,
18313848990,
15122323973,
15306816900,
15847215242,
15000820862,
15957223574,
13400519339,
18949864520,
13640859383,
18895660291,
18186230608,
13223523114,
13856988795,
17786391979,
15150125332,
17602515111,
15367985899,
18026499982,
17846856381,
15122212146,
13971765654,
17678391082,
13710792884,
18810630935,
18952783777,
15811409334,
15233589635,
18684844707,
18800275315,
18811366839,
18068021786,
17835098805,
13910322369,
18260061805,
15888861484,
15192994411,
15692781767,
18286886074,
13702690367,
13522725023,
13661071410,
18801074011,
18508196958,
13316147256,
18515578642,
13814655041,
13604883192,
18520511448,
18560231213,
15919614317,
15151476216,
19180649203,
18248942900,
15848178991,
13524209930,
13951837966,
13267167106,
13045166601,
13818822449,
17611429951,
17671714291,
15810719957,
18903291617,
18971030719,
18610992012,
13851970369,
18697601433,
18920985448,
17371153400,
18151516758,
15060353416,
18514506997,
13810067813,
13816252557,
18611661828,
13917389133,
19864440223,
18611263828,
13524551251,
15920104980,
13310063359,
18819822521,
13728004204,
18468090026,
16601816898,
17516143777,
17616253221,
18301975869,
13856024680,
18020226620,
13166107907,
15691898751,
18702510300,
15720605392,
13818309740,
13916654791,
13636430097,
18317161913,
15755180328,
13818415020,
18731953723,
13780621273,
15156172569,
18602079854,
18674887959,
18601145227,
18079488931,
15813722579,
13117269338,
18011499002,
13511079447,
17860869156,
13998307701,
13515142980,
15142260101,
13695358178,
18953175952,
13898756188,
18786345845,
15528173736,
18851095962,
13955418336,
15118374605,
15155202013,
15165769290,
15081394060,
13826458289,
19921940116,
13102281715,
18086518751,
18970066552,
13920787982,
13957783502,
18520521341,
15821892918,
15761640132,
18909788440,
18782922790,
18627862841,
18092506026,
15812948456,
18767187380,
18795482855,
15136014417,
13426944475,
17347958007,
13793169825,
13544373594,
18068062128,
17694831895,
17756030336,
13425088201,
18113184807,
13858022003,
18702853609,
13022144117,
18795550159,
19951585879,
13230798852,
15591839752,
18875134508,
13998725050,
15001111248,
15827053578,
17822006616,
18217706835,
18616549963,
13917093182,
13501954691,
13378729775,
18056691555,
13126691577,
13217843223,
15327406835,
13125072943,
18800010130,
13218126767,
15521187513,
18012259828,
18022497581,
17766071207,
15251502719,
18795968702,
15000028314,
15813345837,
15951935376,
18247615978,
18007478331,
18810992572,
13641916726,
19845291055,
18144219005,
15730147221,
18686587755,
15161143797,
13968071263,
18858856545,
15521037228,
13691789409,
17520077075,
18662626051,
13580519050,
13472662675,
18712140402,
13948893023,
15967133142,
15213293239,
15008064078,
18917520130,
13520376037,
18853234998,
18806282471,
15972211358,
18640215613,
13559049750,
18551152035,
13818571623,
13564857613,
19112722937,
18106902319,
13399257100,
13823156702,
17729291319,
15221627832,
15584239370,
18961511063,
13147181902,
13314286060,
13718367687,
15618494615,
13685607510,
18998375109,
18620912542,
18729576675,
13918564361,
15600290119,
13714270102,
18862115636,
18918855518,
17769505098,
13397612803,
18567694998,
18215653505,
13717932924,
15015824201,
13024115591,
19999223184,
15236586990,
13052338062,
13682036632,
15305208872,
15262097277,
18627839603,
13811066202,
15916259266,
18649011341,
15200367785,
13911730025,
18766888191,
15064250586,
13924658452,
15004620960,
13369191929,
18762270572,
13407734827,
15884817133,
13270392651,
13416075047,
13916863270,
18260033187,
13021280414,
18016278001,
15158589380,
18243186067,
19943959283,
15555119087,
13643417093,
13514596611,
15086893723,
18367596682,
15666273868,
15158872415,
15215260433,
13959988456,
15966062036,
13230738133,
13641673811,
13614307656,
17680159385,
18437049800,
13102080966,
18986010171,
13060648739,
13645646379,
13387388342,
15925143612,
18609286320,
15845683542,
13752157769,
18351977568,
13137206751,
18138785755,
18797811442,
18511210356,
13028250202,
13922299062,
18550854615,
15737976932,
16653010444,
15821105993,
13916447132,
13162902865,
18852850512,
13986332171,
15101037415,
18925108613,
13119503003,
13415635870,
18540061415,
15849082722,
13682585623,
15998221964,
13348833536,
18627959929,
15735646860,
15240696579,
17691169706,
18033739495,
15608421988,
17753085899,
18206299782,
15053978171,
18052369970,
18223788020,
15633615927,
17600490315,
18612039262,
13148922251,
18616240002,
15601911460,
17635716545,
15635360226,
18038016905,
17620701182,
18767156219,
13753149554,
15859891711,
13795592197,
18623442448,
18825172158,
18072840156,
18475523631,
13710973867,
18321717098,
15871036800,
17661401970,
17784451085,
18397965852,
15221544734,
15962507026,
15300677915,
13600887550,
18945131464,
13206967055,
18627014861,
13908040015,
15326919201,
18691369063,
15958030225,
15949137051,
13355905769,
18703601294,
15727366212,
13103936544,
17782335636,
13340214535,
13918316257,
13522766507,
15201985427,
15156056926,
13061868790,
15001956379,
17694806464,
18508591802,
13535070201,
15011987640,
18580523567,
18600069123,
17721054113,
15610742336,
13463109577,
13161203259,
18686734532,
15101050365,
13759167452,
15035935436,
13721424027,
17756193782,
15324831580,
13505848522,
13861562037,
18629576911,
15761636608,
18146266362,
15989232697,
13801270075,
15692161956,
15349768129,
15268584029,
13811530895,
13564282617,
18317911861,
18672334060,
15102959697,
13811073924,
15933567935,
18535638205,
18735951150,
18301781593,
19866614958,
15921311749,
17685781267,
17721548956,
15152356050,
13986558931,
15898993669,
18340096327,
18811177837,
18932666522,
18121676370,
18286849883,
18736476865,
13346659393,
18574257229,
15150932687,
15702951257,
15951871224,
17600219103,
13716308345,
18295852554,
18795046094,
13935931330,
18969069925,
13951020640,
18595459434,
13182628343,
18664929096,
13489912759,
13580628432,
13104368063,
13166030896,
18021025227,
13650390742,
13651945110,
18019705596,
13590299121,
18917323456,
13311090474,
19139561281,
13585544284,
13020155321,
15956095602,
15156887572,
13769142378,
13911293451,
13176971531,
13366285062,
13511965110,
18616752141,
13985507517,
15900251125,
18829041451,
13952063384,
13007529887,
15972223173,
17705080415,
15692121363,
17611583122,
15180442835,
15262125944,
18907745941,
13628643160,
13432753574,
18340308905,
18617323560,
15063888339,
13194960505,
18551687937,
17633715378,
18326632601,
18259273153,
13353334334,
18761897609,
18632596962,
18012771151,
18482134834,
17377804951,
13894727192,
18439591362,
15870653035,
18664781339,
15161855262,
17858900815,
18877457997,
18321197017,
13356894714,
17682185775,
15120917998,
15062663951,
15522517787,
15619265063,
17602147788,
13561113893,
18856219039,
13966684294,
18435718034,
13573827185,
15364016959,
15885461279,
18710086947,
15900616508,
15138809091,
15513600661,
15602995544,
13917485730,
17775726121,
15706296043,
13901945105,
13384036938,
18810712915,
18547120041,
17623810485,
18501929935,
17805003325,
18577006839,
13764224145,
18215550861,
17601547076,
13774203853,
15221262370,
18528023215,
18045050138,
15841440185,
15867324863,
18657595208,
18567815889,
15010281512,
18668312661,
13324932990,
18782424587,
13337236810,
13880618454,
13433831966,
13679000245,
15857701982,
13602687759,
18757783487,
13550340207,
15905226560,
13484661044,
13467285439,
18662122214,
15629052942,
18222759823,
13340114461,
15800358823,
13260938920,
17704032287,
13379364559,
13510580049,
18602142798,
13303828565,
19945721232,
13686039027,
18526838770,
15100627102,
19946236632,
15645113253,
15176695017,
18870266085,
13600778512,
18652460166,
18826407114,
17843105589,
18277782175,
18080133314,
13133024114,
18786062314,
17604411907,
18645353213,
18611169454,
17839695202,
15210840285,
13817806055,
13647574008,
15346732316,
13857894734,
15923553357,
13482522588,
13044214492,
18122200228,
15881116640,
18616333638,
15196684789,
18124207061,
18811569511,
13085858007,
15086220216,
18384131320,
18501706635,
13817205485,
15293838891,
18610276543,
18834355824,
15312481773,
13039526789,
15879024161,
15800581652,
18291786235,
18706752103,
18382155855,
18145715243,
15949642513,
15024333483,
13615287780,
15776505441,
18874134792,
13631466844,
18752169145,
13661535211,
18681227359,
18953356663,
15001714374,
13267781153,
17317560868,
13701683848,
15932622653,
13588702861,
13963287290,
17783254190,
13624261328,
17789133078,
15201823455,
13524358210,
18122122100,
13611913242,
13913112621,
15195859467,
13632308768,
13311427175,
13307124411,
13505228056,
18834823823,
13401134078,
13189614048,
18851838255,
15865251210,
18994847926,
18851106592,
15866227376,
15645623511,
13770668835,
17616506260,
15092665333,
15802242389,
15908197926,
13231221068,
18059068960,
13351263052,
15900609045,
18351957058,
13313823829,
18393216663,
13277065189,
13924201121,
18075388972,
15545571258,
15556961081,
13088985410,
13031093795,
15797186384,
18810931067,
15106127782,
13277995486,
17706216829,
17773790897,
18351888969,
18600773862,
18287686371,
18862762550,
15802805792,
18655105390,
15988391160,
15010198233,
15250232445,
13917036643,
15555529114,
19521360167,
18500500060,
18576425175,
18765284535,
18140526426,
13260169987,
13530901855,
15591810716,
19181972976,
15162780022,
18659695812,
15196636420,
15242504244,
15889322901,
15338795710,
13533888010,
13736189779,
15310929985,
18867128589,
19521463667,
13904386814,
18246680608,
15352907993,
18266979825,
19977446351,
13870674189,
17825846349,
18651640393,
13881396686,
18588816863,
15006331095,
18280181809,
15867354072,
15943023896,
15320552637,
18757016602,
19977622512,
17334815025,
15695883688,
15912540054,
15811076269,
13487263143,
13213054966,
18682053581,
18241685514,
15211029040,
15811230912,
16601710251,
15582913848,
13699795738,
18482185482,
18855971423,
13535258306,
18257854425,
17313209707,
18391853675,
18320497974,
15821248219,
13956036682,
13811596524,
15757334093,
15815018627,
15110127442,
13703406170,
15540986222,
19135971999,
18167723833,
13641702009,
18081506755,
18351966871,
15104072521,
18551805501,
13678420546,
13519778482,
18905383232,
18677408028,
13369380238,
15160115498,
18588686741,
18680352971,
17634600454,
18983989798,
13951748426,
17852306605,
18665389842,
18547809696,
13588179805,
13247277276,
15150576387,
17788736039,
17317848431,
15513261050,
15333361151,
18359515709,
18817876225,
18852315338,
15021777730,
18904512657,
17620128184,
17764102549,
18893097327,
13594303599,
18586166607,
15160058038,
18740432806,
18360289613,
18088822512,
17311901948,
15839990201,
15802873948,
18238882667,
15041292633,
13586589155,
15323486984,
15048178645,
18621536274,
17538379872,
13560181284,
15992688536,
17551313284,
15281078505,
17681686868,
15111184899,
13912505441,
13586558681,
18513865396,
15737549376,
18624033521,
18901725380,
13311988291,
18796850731,
15686259795,
15909298698,
15602132478,
18582863586,
15572323826,
18510003707,
17640025213,
13458111118,
13851525213,
18233857330,
17812291810,
15251943991,
15900580638,
19952620249,
18379838987,
18964567615,
15246101759,
13818531254,
13422600531,
17316597681,
18786149812,
18164162597,
13727056266,
18798897401,
15253210258,
13678423643,
13520910597,
15210170836,
18180615055,
13681675802,
13472577339,
15001340215,
13918032922,
18602135626,
15889872502,
18316916959,
18742495836,
18716647014,
13302223047,
13718081462,
18618365464,
18761608316,
13915971667,
15340808095,
13798225475,
13112815339,
13898182092,
13681857751,
15261978621,
18300594190,
13451893627,
18017934993,
13902316677,
18684845770,
13409890410,
18113681902,
18252596054,
15269233409,
18917559189,
18767232131,
13559572870,
19512210021,
15824525180,
15313685671,
13802752046,
15300538527,
15027926562,
13407111758,
18649146221,
13162393493,
13817700298,
13555871017,
15206235895,
15618907807,
18159348660,
13928310380,
13555535431,
13702000851,
18198181565,
17683968804,
15332837878,
15216355143,
15827316302,
15567839298,
15150066361,
15620384858,
15159206154,
15829588331,
18658925350,
13531394489,
18538285036,
18362869813,
13858894517,
13071263221,
15663499691,
19909857196,
18312668141,
18270886139,
15666995097,
13699193647,
18513938710,
15298843234,
18698588282,
15827602922,
17701864536,
16533907253,
18125230139,
17351934654,
15707330106,
13149930017,
17707224121,
18351962391,
13007119730,
18916888736,
18581935656,
15317119023,
18621892808,
13636568669,
13146061277,
15107265857,
15189991917,
13212621624,
13787639291,
13726277849,
18061800639,
18842609684,
13764323131,
15006188355,
18817828312,
16605600320,
15962319085,
13225875798,
15951562861,
17301648957,
18833177111,
13902943030,
13564421692,
13918821345,
15109676946,
18658238978,
15316660105,
18677321192,
13169042345,
18662131020,
15808048065,
15122854409,
13681764035,
13946304260,
15884397628,
15363224734,
15385869069,
18132086579,
18468052045,
15572038712,
18796016263,
13656815419,
13588242017,
13359995208,
13330080324,
18834259194,
18960823300,
15950806462,
18601691275,
18926081662,
17633824330,
13081757538,
13725295620,
13303009771,
15236666332,
18434791530,
13917327011,
18653038588,
18899853026,
13003914057,
18501632574,
18700284130,
18537753516,
18571493470,
18193167797,
13730633716,
18765221917,
15196677075,
17863061996,
17768506520,
15295796358,
15842488371,
18016471227,
17706447737,
15698117342,
13298307050,
18804261836,
18300238717,
13685254158,
18524422796,
18275281257,
15172432797,
15994722525,
13896802351,
13538024507,
13260813686,
13792916730,
15021783193,
15810952982,
13758260582,
13718001252,
18626379259,
18785747076,
13029101087,
13694429317,
13108780721,
18661707097,
19968148299,
15205320907,
15211142614,
13811579036,
13623644347,
15076891197,
13663902738,
15669580102,
15092123980,
13713958146,
18357152895,
15975140587,
18092031595,
17889881370,
18846931392,
15093053239,
13826431257,
13240346639,
13588805514,
13161825160,
13817862651,
17798652330,
13469990566,
13071113597,
15063937714,
17669622295,
19852216967,
18912907560,
13535234962,
15665516876,
18529129679,
18452483535,
17708798878,
13303868350,
13289859712,
13918431767,
18118815181,
15715534566,
13715134557,
17721348950,
18048291026,
13386081560,
18191337802,
13564205583,
15889265235,
18357268205,
18017459889,
15905694959,
17721052825,
15000788311,
15040040864,
13328408024,
13469000023,
18516910752,
15861197607,
13671705459,
18516591239,
15120807450,
13951073722,
15201156474,
15915370019,
18223317365,
18115181989,
13585608613,
18985548935,
13346254651,
13851514576,
18346019111,
15895932803,
15611073837,
18122392067,
13206299712,
15201737735,
18888926477,
18795877321,
13848143630,
13512193699,
18192043214,
18339253508,
13281020296,
18630899942,
18930933880,
18920755929,
15907135169,
13718418386,
13680240452,
18359113926,
18659256611,
18358556688,
15250886634,
15056012056,
17863108783,
15950454965,
15161184575,
18112543070,
15823590340,
13564240388,
18757416766,
13685180870,
15680617685,
15560565218,
17614058877,
15000769568,
13761589702,
13818215859,
13468846109,
13880453076,
15627106194,
17782784363,
17610087203,
15888591083,
17568070950,
13136162075,
15829436756,
13146229585,
13606122887,
13402087115,
18351987375,
15663448797,
15811700371,
18622947832,
15811135462,
15158064857,
13551512022,
18911254852,
17685831670,
17346931997,
18686605003,
13040842168,
15317089902,
18000511895,
18315699575,
18083130419,
18033405855,
15255983067,
18194274293,
15026934120,
15768895953,
16621206342,
18621031412,
17857066560,
13178809056,
17866985209,
15999720853,
15821134560,
18234958538,
15863432252,
13229234743,
13262576792,
15830903102,
18616506592,
13612262524,
18612510948,
18189581196,
15996231933,
18188921168,
18677159905,
13761994483,
16608640507,
18998997087,
15778763149,
13770602093,
18286557661,
15061027239,
15162638472,
15088277825,
15009262245,
13665956595,
19983344153,
15160718559,
18801946252,
18611673967,
13672205414,
17394769917,
15108508520,
17631764507,
13752066582,
13814088965,
13540952680,
13020175966,
13995536415,
15885512822,
18614930893,
18985029694,
13533880305,
18328080612,
13312077459,
18092212566,
13432837821,
13904023646,
15092030809,
18703730107,
13560736784,
17815930132,
13197003569,
17800278540,
15688820007,
17835097567,
17399731418,
18616899833,
13339141789,
13402062638,
15942099611,
15807740816,
15759228547,
18252573213,
15938569687,
17602140223,
18812799449,
17719811269,
13377870405,
18260346423,
13820025660,
15534445986,
13043324501,
13265929839,
13327126036,
18675536061,
18110651765,
15822055562,
17624867929,
15818696558,
17324207920,
13817430538,
18826436325,
15035690908,
13911045918,
18948313563,
18529509367,
13602891093,
13035719754,
18151685192,
13201397161,
15282267296,
15734011483,
17740875903,
18397567127,
18322698012,
15950593183,
17308410973,
19930128156,
17317471227,
18790658382,
18658847165,
13724768341,
18390823020,
18258806872,
13785773337,
18024896558,
18260031532,
18193544684,
15362133420,
15266026010,
17793240557,
18374595540,
17862918992,
13132006589,
15041706666,
13764093248,
15231131137,
15258691231,
15906566084,
18334333076,
13771717204,
15298490056,
18562332996,
15609868201,
15651795561,
17631188879,
18004865758,
15874017296,
18859309761,
15206180699,
17321115785,
15771809340,
15555838072,
18703735621,
17863072536,
18279773183,
13386880690,
15855123809,
13511230526,
15770477521,
18702928425,
15102152671,
17612862112,
15072823511,
17851550710,
17608736190,
18841078864,
18609090350,
15838807756,
17852625137,
15898281887,
13340114076,
18501309064,
17715053029,
18917003489,
18745002029,
15178781258,
13100800725,
18312461715,
18362268838,
18870108057,
15880520730,
13957074999,
17587832688,
17741191754,
17633578219,
13560481456,
13603068904,
13815312636,
15649055991,
18752020852,
15580803450,
17858572882,
15913125280,
18001607446,
15339188769,
15252816628,
13320238045,
15335422275,
13926119123,
18600521376,
18019186281,
13032923365,
18049971559,
15827563070,
13313851636,
17731588566,
17661198510,
18915203858,
19922371485,
13930722746,
13698165846,
13084189100,
18264734134,
15071225078,
17891903059,
15214371297,
15625861160,
17853123862,
18017832418,
17614506980,
18662725370,
15951939286,
18217790964,
15898882732,
15212054689,
13671816481,
15221412957,
18503050917,
13622012116,
19121906114,
18621990374,
13598868891,
13115079718,
15987402628,
13987409143,
13864091927,
15917560061,
13520824401,
18575535627,
15707957578,
15639790991,
13914793752,
15233607003,
13516515525,
18258759177,
18302910347,
18247152044,
18562877512,
18368156644,
13971125476,
13661664953,
18364823065,
18943103511,
15518812597,
15860473904,
17701661545,
15899874936,
13262250307,
18856152560,
15002112044,
17706368632,
18101825032,
13720863924,
18792820463,
13715170605,
15993031903,
13459295006,
13817185618,
13817745219,
15774609746,
13265049427,
18251320270,
13247449801,
13859272467,
13265038681,
18500468664,
17321356434,
13005693473,
13739256950,
18226769103,
17602300607,
17821480740,
13126586378,
15216815396,
18701027681,
13533671184,
13382219289,
15617652115,
13279367072,
13665306030,
16689580805,
16670381213,
15237013684,
13674209432,
15625878753,
16619757872,
15103810646,
18114475220,
13918385610,
17716107762,
15309235102,
13930454647,
13816867275,
19916560176,
15655512788,
13924201649,
18698411619,
18915132605,
15951729006,
15053356397,
18036689477,
13620459956,
18930468235,
18121667966,
13538337992,
13889679003,
15099952352,
15999973882,
18242713866,
13510563658,
15710018875,
15168271505,
15319900996,
13681907429,
13023336699,
18930474553,
15316529045,
18322793766,
15112549849,
15021506203,
15718012726,
18519837819,
17710110734,
17624252280,
15932907159,
15706390898,
18764930223,
17858937393,
18782075726,
15380007988,
15827125636,
17612166853,
18921068380,
15021523395,
18192836063,
18250833027,
18768156001,
18551462436,
15905192918,
16621184224,
17610019578,
13456813383,
15952676993,
17720799754,
18523941152,
14776089191,
15888125353,
13912955081,
15871563132,
18295108828,
13671966225,
15684163219,
18312917479,
13376298601,
13918762423,
13817345112,
13701868639,
13510931262,
17644022793,
18102160309,
17794892345,
13198888295,
15962280366,
18819425986,
13011139399,
15223357966,
17820147432,
15388684481,
15921000616,
15856380639,
13817191305,
18038099995,
13651529647,
13183261059,
18911780315,
13817601979,
18510128695,
18236993029,
18905426221,
15321526689,
13813851506,
18089658685,
13425480908,
15067267826,
13305189090,
17782281187,
18669861303,
17865322738,
15814983803,
15108385125,
18919887464,
18220553348,
18647177755,
18311028065,
15826331993,
18515023758,
18931836864,
19121740320,
13533685769,
13818170756,
13279395272,
19983292404,
15524334170,
18512836256,
13042461240,
13617645697,
19821783240,
15094182255,
13015012316,
15524600390,
13771682510,
18516199441,
15797705838,
13587337849,
13881777609,
18067990885,
17785800954,
15145575052,
15502255631,
18920719829,
13585607162,
13372631320,
15923803823,
18164682386,
13533467226,
15921245616,
13901631057,
13301977376,
17687420271,
13151454007,
18390245773,
18622945589,
15637875827,
13759876867,
18705928284,
18923707678,
13581723709,
15161739023,
13482292633,
13701623881,
18646350932,
13751578717,
18364812382,
13023644423,
15916482277,
16557336228,
18101507520,
15939472564,
18482176123,
13078514004,
13641755566,
18717832328,
17560398335,
18580365543,
17818661321,
13055256950,
17685726507,
18861100898,
15623137052,
18183406670,
13327115732,
15000225020,
15972723078,
18917997290,
15851206362,
18627342852,
13558869996,
13393938824,
13437125391,
13327962141,
18021095646,
15885656168,
18149091019,
13760897429,
17679392751,
18806273160,
15002008031,
13020191437,
18603807950,
15909325991,
15304725715,
15642811496,
15858074455,
13408640626,
15861668006,
18931516774,
13271631605,
13158098877,
13530285015,
13327410519,
13817598385,
18866867150,
15070690771,
15172505468,
18019828063,
15084962112,
13871157597,
15862995375,
13389640381,
18710703562,
15045039201,
13714420643,
13265657111,
13396080185,
18536384886,
15846004627,
13606205593,
15203939705,
18210345402,
15989865448,
13301892891,
15605513721,
18962177520,
15000331957,
15390825973,
15021231676,
17767093579,
13918542980,
13808823130,
13321185308,
15882966427,
15972101143,
15515312866,
18018849103,
15914154575,
15657169262,
17625628612,
13570836927,
13651963302,
13065580809,
17319125165,
15589838530,
18301899286,
18621626187,
13323019878,
15980212981,
18916670271,
17667749336,
15541950706,
17374341624,
13453146119,
18115464320,
18603055449,
13958184867,
13331957593,
17316623930,
13991832622,
15101255681,
17778823737,
15344657667,
17671121673,
13571890523,
18355011242,
18570619889,
18476565876,
18301858873,
13390544299,
18305058721,
15801412257,
15112066831,
13349308817,
13957181784,
13332405238,
15331408070,
15921867713,
16600350292,
13437622598,
15641489064,
17317613326,
18709186804,
13615710626,
15821701269,
18003810273,
15830560362,
18825157524,
15102190034,
18801256504,
18889567545,
15601488393,
18269735163,
18825601616,
13163085761,
13453986286,
15330759878,
13564296437,
15889746312,
13811424620,
13368017107,
17793341765,
18267424652,
17863123552,
13541313306,
18860070587,
18258188526,
15358926830,
18655298873,
13892901796,
15002967092,
17640579905,
18505692578,
13515605209,
13519173566,
15321622919,
15000588695,
18925226020,
13870142322,
15011520609,
13721036706,
13940499481,
13826022306,
15204442525,
13301801920,
15221925611,
18160628883,
13052289713,
13688451652,
18382009096,
17749948965,
13262751396,
13162184583,
18663390566,
16630698257,
18678223330,
15148643222,
17698738366,
18062060265,
13950471803,
18890030707,
15117788074,
18817411018,
13588286720,
18380478387,
18036277080,
18121210193,
18810492990,
13709367102,
15821919330,
13585847421,
13161924190,
18019384696,
17602130387,
15618342122,
13424572975,
18640888079,
17398495101,
13311672319,
18918346180,
17854988976,
18822150631,
18680808887,
13370602727,
18993243471,
13266678613,
13772437134,
13956647986,
15854564648,
15520535184,
15857219470,
13661921576,
15551123242,
13817361920,
18741711188,
18780127075,
13407798760,
15368101224,
17801174953,
15172491163,
13488878288,
18964128707,
18842499463,
13167026163,
15802735145,
19923183234,
18611495813,
18609230000,
18313467585,
18856936163,
18617105923,
18523106241,
15716270222,
18604518729,
15651110193,
18149767270,
18212852484,
15938367090,
17710032626,
18666660540,
13582722628,
17357443880,
18686418030,
15649858221,
13113339177,
17302128219,
18617120565,
18555139749,
19923675762,
18511176696,
15199599060,
13773154317,
18435990090,
15256432971,
15168590502,
13917233725,
17779176670,
18267404593,
18205175813,
13564824268,
15592937058,
15000355255,
18179110058,
18155146499,
13426337920,
13644030992,
18001969665,
17624042245,
18819323016,
15201735257,
18051034853,
13394301902,
18833553188,
13365719592,
18859698796,
17860558791,
18483106378,
18706715261,
18817870681,
17363713860,
18275826273,
18603550774,
13810957143,
15377606626,
18883177862,
18067906139,
15952948655,
18334672618,
18520870036,
15260809961,
15821831979,
19112730556,
13799970855,
13641096258,
15800973671,
13370320688,
17765109635,
13908054496,
17805593886,
17742868232,
17395712744,
18500347307,
18810611107,
15238852088,
15218708425,
13091806000,
19916726844,
13015738879,
18551627866,
19121303576,
18368231453,
15615618690,
18883394996,
13855183036,
17775871906,
13581565569,
13927303848,
15752099003,
15310505036,
15933386582,
17317960603,
15253170130,
15858515280,
13590166965,
15601755109,
15529619895,
13919667818,
13566095186,
18696117779,
15110164950,
18968956630,
17774510075,
15990073209,
13393688833,
13918670406,
15000963190,
17839928255,
18135620055,
13272853557,
18135679725,
15529342862,
18018594506,
18576740531,
17622957115,
17603841080,
17756390252,
15694422321,
15770643823,
13889477656,
18858026400,
17324075253,
13228421622,
15191963256,
18258732602,
18665350783,
17852057276,
17642091993,
17708519254,
15273822622,
17611385812,
17333112795,
15867107741,
15000910457,
18292851545,
13071953360,
15138000959,
18963118021,
19113204515,
15057147872,
17691224937,
13521866297,
13948318216,
17318536005,
13512154476,
13816011470,
18850323438,
15962758933,
13398489502,
18621614548,
15189800061,
15900605575,
17695635909,
13820972134,
17852420295,
15963209127,
13161888451,
18677714550,
15255650001,
13573263772,
15726212145,
18248905499,
18550336903,
15268381583,
18845766056,
13039306521,
18530712957,
15627526509,
13641667557,
18565830420,
13530943895,
18668088609,
13970040751,
18652230770,
13482892227,
18551418550,
13175013689,
15200830635,
15297702520,
18616747371,
15026712056,
13364069581,
15828063360,
13512955863,
18225764244,
17371245669,
15602294309,
15725381333,
18009689981,
18383352757,
18625086709,
13829997224,
17386159630,
15008516864,
13265923331,
17775996873,
13335222437,
18014805672,
13094605712,
15892780970,
13886657231,
15371140209,
18049024729,
18804625192,
17538702426,
15162126881,
13333466602,
18883385953,
19921590431,
15127592402,
15720863290,
17832279812,
13715221063,
18871885873,
13482166932,
13623295532,
17755353350,
18851512309,
15332200810,
15284627031,
18138289740,
15992796626,
18237171563,
13918441337,
15757909179,
17811682599,
15317316315,
18360902524,
13080162121,
19925215021,
13122303782,
13802530709,
17363938605,
13484458608,
18624087015,
13203533191,
13636697973,
13364060182,
13811039658,
15810764316,
13711952686,
19871214292,
13601844762,
13817244885,
15712287334,
18829506113,
15601879406,
18750728048,
15589957670,
13255902682,
15813875607,
13524053233,
15626158854,
18511401577,
17604899028,
13264300168,
18503093309,
15198270968,
15912851766,
18858286660,
13537077994,
17621856343,
15506916253,
13703292649,
18012713395,
18651687302,
18077223655,
15143270965,
18408212956,
13790666992,
18026385958,
13725937642,
15261518886,
15900914131,
15827574895,
15241129825,
18393108141,
15807777797,
18846064035,
18600338622,
13262998250,
13207592706,
15800802297,
15821678348,
13764878298,
18867642263,
13552298761,
18810926097,
19952335266,
17710378050,
18893844138,
18153525100,
13928902849,
15266123700,
18939897725,
18628218484,
15017599624,
18510336774,
17798911068,
15309287207,
15779974750,
17715598685,
17301843182,
18032922796,
17676106111,
15866643416,
15164655203,
18048483385,
18860510510,
19931215878,
13117107710,
17388287807,
15961639171,
18736870901,
15013669775,
18665931721,
13628628424,
18226790820,
17601615284,
18919973331,
15301768456,
17755416177,
13675065670,
13718212560,
18116205525,
18562720705,
15821506783,
15810380322,
15146739602,
18646083677,
18068188010,
17561722818,
18539642635,
18688799170,
18616830512,
18356051747,
19521429417,
18069881477,
13828350042,
13148339050,
18126058356,
17611247025,
18623428166,
18242355911,
13320254464,
18838959920,
18320416314,
13601678533,
17621931288,
18532208085,
15351243343,
13811021662,
15101072383,
18810251696,
18660886602,
13651725148,
13761076918,
13585603578,
19931318654,
15921591727,
13806293285,
18559755833,
15671809800,
18625118896,
15083285772,
18752136277,
13814955840,
18937663270,
18751573300,
18146567503,
13636333415,
13417573418,
13524118649,
17581800666,
13383666987,
18270979661,
17373244459,
15332342922,
13681235097,
18502159473,
15049984989,
18205089520,
18303857207,
18513244906,
19898672536,
18811659383,
17349758631,
15151872234,
15377089819,
13902463217,
18811228944,
13124823690,
18271428632,
15851824926,
19121313826,
15566051803,
13918967899,
17318880428,
13713308565,
13858485353,
17620065870,
15904317127,
18674535995,
13713287184,
18609691785,
18825216257,
13771654024,
15021452281,
13067881109,
15045872801,
18831652983,
13774354330,
18593318217,
15828069356,
15063596627,
18688789317,
18811217918,
18265381630,
15204070696,
18907689795,
13666233365,
18301783287,
18500325526,
15911164690,
18763909600,
13785221316,
13120835011,
17600560420,
18054575552,
18118607821,
15099771018,
13081251677,
15633010993,
17360071995,
17898860343,
18501031941,
15900699860,
18817237147,
18130311083,
18566284246,
13125079455,
15618598733,
17660446429,
17717064935,
18213367084,
17625306228,
13545247668,
15620785295,
18772994391,
13391346680,
18278256892,
15927477786,
18268129270,
19989895919,
13821279023,
18933724708,
15002908136,
15316352515,
15539073201,
18313609691,
13818755412,
18388106264,
15287814507,
19890574723,
18013151506,
15588141541,
13093797283,
15244034358,
18755167685,
18017166737,
17712507588,
15539078885,
18863945719,
13676087675,
15263492991,
15221157583,
18062411678,
18727028227,
13309717183,
13764308932,
18710892237,
13347311984,
17674101665,
18652062119,
17687321862,
15364029103,
13621523191,
18674836873,
17317702818,
17695759409,
15221717591,
13524712103,
15838067156,
13928158650,
18237196230,
15250506393,
18609019889,
18855059966,
19955561556,
13632422676,
15266218653,
18661727980,
15913673519,
13549615360,
13736092648,
15712961928,
17322321604,
15920458793,
13727244909,
13142095548,
18616352234,
13699513973,
13405140261,
15330463998,
18758007154,
15757598858,
15801399896,
17762190633,
17645140430,
13635491056,
13699103989,
15810823043,
19921501161,
18549812326,
13003180325,
13976877775,
13297161209,
18778173773,
18720969743,
18217669235,
18355506803,
18810518758,
18512849997,
13501916710,
13661953879,
18724197002,
18860900470,
13901728819,
18468240979,
19831696232,
13851422353,
13901236280,
18673690556,
18376926579,
18737167969,
13933861632,
17758039916,
13760242897,
15077961246,
13272895107,
16676593850,
18855368252,
18706296408,
18079090423,
15883200060,
17608018880,
18581871145,
13942693799,
13672781059,
17777447157,
15326065489,
18059705159,
13815257204,
18101962109,
13104617833,
15353954428,
18062529119,
13868921558,
18078316398,
13072120987,
18675267510,
13952787728,
17709379206,
15295141219,
18929508400,
18588200746,
13821263561,
13675129575,
13918754524,
18897772029,
16601023945,
13628359905,
13127686683,
15106007028,
18260947265,
13917192892,
13916724217,
13530405975,
18711829355,
15735605208,
19802111865,
18874269408,
18912224331,
18651502098,
18967611386,
18035098574,
18221062757,
13681588258,
18105369296,
15375012243,
13247111195,
13726784369,
17731862916,
15161385659,
13414859627,
13056742831,
13667951901,
15157852448,
15610139345,
13723589255,
17376936192,
13592360466,
13707012852,
18568650568,
13980833492,
18377371095,
13816989037,
13739673791,
13761817720,
13669027392,
13719488799,
18651509059,
18018688916,
18373262993,
15862543822,
13247157922,
15271042692,
15808315459,
17671852873,
18009440334,
13054170471,
18862176559,
18987172280,
18221781617,
17720354365,
13258256982,
18669805020,
13163346478,
18501707387,
17079500158,
18956030169,
13661224681,
17623076576,
18662922605,
17695929656,
13651619529,
15902791572,
13482801676,
13124788477,
18650739408,
15900575022,
13485050307,
18013866441,
15982896548,
18911515622,
15825915550,
13247081401,
18858469395,
13425113155,
15957141501,
13212052565,
15071038985,
15972175386,
13671850255,
18823249455,
15018503803,
13262510910,
13048718389,
13383193308,
18338750397,
13655620738,
18153279152,
13735288661,
15139476051,
13751015520,
18651037778,
18662597178,
15345718851,
13575460691,
15703868105,
13684343330,
13340837488,
13651016875,
13920599058,
18183590711,
13450107104,
18115993977,
18074943608,
13127509471,
15262045006,
15629025771,
15319958871,
15852920338,
18973673262,
18178080923,
18972577293,
18881496578,
13761318929,
13694966854,
15995965411,
13771717368,
13764693709,
15962861629,
15211107593,
13732238434,
13795795399,
13268068827,
13915378718,
19955170631,
18603262203,
18200121220,
13559738567,
19931415658,
18500895520,
13908367335,
18049043968,
13068001357,
13910867853,
18607249522,
15801071145,
18721982515,
15777396682,
15876228655,
13413394726,
19910392536,
18115691319,
18722691380,
15058266027,
17321486506,
18026063530,
13711760826,
18901288880,
15669896981,
13753980771,
17354379694,
18921676820,
13385625646,
18611555343,
18001661200,
13405753739,
13331996333,
13469994446,
13580867886,
18002097772,
18665980957,
13528773379,
18377371760,
15208305932,
18317691701,
18678512955,
18610025204,
17738708147,
18516056890,
15195377223,
18682490180,
18565661052,
13562475711,
13581608611,
13637066213,
15082128885,
18646091357,
13693165794,
17850592620,
15999600229,
18008197981,
18040536483,
13007201215,
15820759342,
18939037871,
19962601256,
15086075850,
13319869378,
15915881894,
13631866860,
17683284145,
15600580532,
15084831483,
13274243928,
18642951653,
18117590171,
18520118401,
15221043032,
17603646423,
13544406561,
13817417841,
15892889260,
13917352132,
17781038435,
17852177229,
15145895369,
15320304000,
13812093857,
13609770279,
18013866329,
17812373571,
18201048222,
18516099476,
15525556228,
15246938755,
18935420151,
18844117399,
13818089975,
17670403803,
176071149
18601703901,
13695006679,
131641645517717895159,
18217035280,
15375339559,
13918578012,